0,438
0,437
0,386
42,1
42,3
3,1
3,3
10,281
10,95
10,299
10,247
10,137
10,197
10,109
10,15
9,7
8,17
8,4
8,12
8,16
8,15
14,1
14,3
13,1
13,3
24,3
24,1
20,3
20,2
20,1
19,3
19,2
19,1
18,3
18,1
12,3
12,2
12,1
11,30
11,29
11,28
11,27
11,26
11,25
11,24
11,23
11,22
11,21
11,20
11,19
11,18
11,17
11,16
11,15
11,14
11,13
11,12
11,11
11,10
11,9
11,8
11,7
11,6
11,5
11,4
11,3
11,2
11,1
10,313
10,312
10,311
10,310
10,309
10,291
10,285
10,279
10,275
10,273
10,257
10,245
10,225
10,217
10,215
10,205
10,179
10,161
10,141
10,131
